3000100003903
3000200000000
3000300000000
3000400000000
3000507502100
3000600000168
3000700001144
3000800003077
3000900000000
3001000000000
3001100003300
3001200000000
3001310002500
3001400000000
3001500000000
3001620000000
3001700000000
3001800003076
3001900000000
3002000000000
3002100000400
3002200000000
3002300000000
3002400000000
3002500000000
3002600000000
3002700000336
3002800000000
3002900000000
3003002500000
3003100000000
3003200000000
3003300000000
3003400000000
3003500000000
3003600000000
3003700001500
3003800002000
3003940000120
3004000000016
3004100000000
3004200000376
3004300000000
3004400000000
3004550000000
3004612501250
3004700000000
3004800000000
3004900000000
3005000005000
3005100001680
3005200003200
3005340000800
3005400002060
3005500000000
3005600000000
3005700003200
3005800004000
3005900000000
3006000000000
3006100002500
3006200000000
3006300000208
3006400000000
3006500000000
3006600000000
3006700003000
3006800005500
3006900000000
3007015000000
3007100000000
3007200000000
3007300000000
3007400000000
3007500000000
3007600000000
3007702600000
3007800000000
3007900000000
3008000000000
3008100000000
3008200005484
3008300003600
3008400000000
3008500000000
3008600000000
3008700003180
3008800002550
3008900000000
3009000003500
3009100001500
3009200000000
3009300000000
3009400001509
3009500004000
3009600000000
3009700000000
3009807500000
3009900000000
3010000000000
3010100000000
3010200006000
3010300004400
3010420802300
3010500000728
3010600005450
3010700000000
3010800000000
3010915600000
3011000000000
3011129000000
3011200000000
3011300001800
3011400000600
3011500000000
3011600003500
3011700001300
3011800000000
3011900000000
3012010000000
3012100000000
3012200001875
3012300002408
3012400001000
3012500000000
3012600000000
3012700000000
3012800000000
3012948000000
3013000000000
3013100003200
3013200000286
3013300000000
3013400000000
3013500000000
3013600000000
3013700000120
3013800000390
3013900000000
3014000000000
3014102500000
3014200000000
3014300000000
3014400000000
3014500003800
3014600000000
3014700000000
3014800000000
3014900000000
3015000003000
3015100000000
3015200000000
3015300012500
3015400000000
3015500000000
3015600003796
3015700000000
3015800000450
3015900003367
3016000003748
3016100000000
3016200002395
3016304300000
3016400000000
3016500002324
3016600000000
3016700000000
3016814800000
3016900000000
3017000000000
3017100000000
3017200000000
3017300000000
3017400000000
3017500000000
3017600000000
3017700000000
3017800000400
3017900000000
3018000003000
3018100000000
3018200000000
3018300000000
3018400000000
3018500003000
3018600006000
3018706500000
3018800000000
3018900000000
3019002500000
3019100000000
3019200000000
3019300000000
3019400000000
3019500000170
3019600000000
3019700006000
3019825000000
3019900000000
3020000000000
3020100000000
3020260600000
3020300000000
3020400000000
3020500003000
3020600001680
3020700000000
3020800000000
3020900000000
3021000000000
3021100000000
3021200000000
3021300000836
3021400000000
3021500000590
3021600000000
3021700000000
3021800000000
3021902500000
3022000000000
3022100000000
3022225700000
3022300000000
3022400000000
3022500001400
3022600000000
3022700001250
3022800004000
3022900000000
3023010000000
3023100008000
3023200000000
3023300003100
3023400000000
3023500003100
3023669100000
3023700000000
3023800000000
3023900000000
3024000000040
3024100001500
3024200001064
3024322500000
3024400000000
3024507000000
3024600000000
3024700000000
3024800000000
3024900000000
3025000000000
3025100000000
3025200003000
3025300000000
3025400003600
3025503800000
3025610000000
3025700000000
3025800000000
3025900000000
3026000000000
3026100000000
3026200000000
3026300000000
3026400000000
3026500000730
3026600000000
3026720000000
3026837000000
3026912500000
3027000000000
3027100000000
3027205000600
3027300000000
3027400000000
3027500003120
3027600001581
3027700000000
3027800000000
3027900000000
3028000000000
3028107500000
3028200000000
3028300003000
3028400000000
3028500001050
3028600000000
3028700000000
3028800000000
3028900000000
3029000000000
3029100000000
3029200000000
3029300000000
3029400000000
3029584001500
3029600000000
3029700002450
3029800000000
3029900000000
3030034200000
3030100000000
3030200000000
3030300000000
3030400000000
3030500000000
3030600000000
3030700000000
3030800003970
3030900002855
3031000000000
3031100000000
3031202500000
3031300000000
3031400000000
3031500000000
3031600000000
3031700000000
3031800000000
3031900000000
3032000000475
3032100003500
3032200000000
3032300000000
3032400000000
3032500005000
3032600001200
3032700005400
3032800000000
3032900001000
3033000000000
3033100000000
3033200000000
3033300000780
3033400000000
3033500000000
3033600000000
3033700000000
3033800000400
3033900000000
3034000000000
3034100000075
3034200000000
3034300000000
3034400003500
3034500001500
3034600000000
3034700003200
3034800000000
3034900000000
3035000000000
3035100000000
3035200000200
3035300000000
3035400000000
3035500000000
3035600000000
3035700000000
3035800000000
3035900000000
3036000000000
3036100002800
3036200000000
3036300000000
3036400000350
3036500000000
3036600000000
3036702500000
3036800000000
3036900000000
3037000000000
3037100000000
3037200000000
3037300003500
3037400000000
3037500000000
3037600000000
3037700000333
3037800000000
3037900000000
3038000000000
3038100000000
3038200000000
3038300003000
3038421706000
3038507500000
3038600000000
3038700000000
3038800000000
3038900000000
3039000001856
3039100000000
3039200001600
3039300000000
3039400000000
3039500000000
3039600003000
3039700000000
3039800004000
3039900000000
3040000000000
3040100000000
3040200000000
3040300000000
3040400000216
3040500004200
3040600000000
3040700003900
3040840000000
3040900000000
3041000000000
3041100000000
3041200005500
3041300000000
3041400003492
3041500004240
3041600000000
3041700002694
3041800000000
3041900000000
3042000000000
3042100000000
3042200000000
3042300000200
3042400000000
3042500000000
3042600000000
3042700002880
3042800000000
3042900000000
3043000000000
3043100000000
3043200000000
3043300000000
3043400000000
3043500000000
3043600005600
3043700000000
3043800000000
3043900000000
3044010000000
3044110000000
3044200000000
3044300000000
3044400000000
3044520000900
3044600000000
3044700000000
3044800000000
3044905000000
3045000000880
3045132900000
3045200000000
3045300000050
3045400000000
3045500000000
3045600000000
3045700000000
3045800000000
3045900003576
3046050000000
3046100000000
3046200003200
3046300000000
3046400000000
3046500000000
3046600000000
3046700000000
3046800000000
3046900000000
3047000000625
3047100000300
3047200000000
3047307502500
3047400006000
3047507200000
3047600000000
3047700000000
3047800000000
3047900005240
3048000000000
3048100004000
3048200006000
3048310800000
3048400000000
3048500000000
3048600000200
3048700000000
3048800000000
3048900000380
3049000000000
3049100005000
3049200000597
3049300003225
3049400000000
3049500002200
3049600000675
3049700003741
3049800000300
3049900000000
3050000000000
3050100002800
3050200000000
3050300000000
3050400000800
3050500000000
3050600000000
3050700000000
3050800000600
3050900005500
3051000002400
3051100002000
3051200000000
3051300000000
3051400000343
3051500000000
3051600000000
3051700000000
3051800000000
3051910003000
3052000000000
3052100000000
3052200000000
3052300000000
3052400000000
3052500000000
3052600000000
3052700000000
3052800000000
3052900004000
3053005000000
3053100000000
3053200000000
3053300000000
3053400000000
3053500007000
3053600000000
3053700000000
3053804000000
3053900000000
3054000000000
3054100004120
3054200000000
3054300000000
3054400000000
3054500000000
3054600000000
3054700000000
3054800000000
3054900000000
3055000000050
3055100000000
3055200000000
3055300000000
3055400005344
3055500000000
3055605000000
3055700000000
3055800000000
3055900000000
3056000008500
3056100000000
3056200000400
3056300000000
3056400000315
3056500000000
3056610000000
3056700005300
3056800000000
3056900001440
3057000000000
3057100000000
3057200000000
3057300000000
3057400000250
3057500006500
3057600007000
3057700000000
3057800000000
3057900010000
3058000000000
3058100000000
3058200000000
3058300000000
3058400000000
3058500000119
3058600000180
3058700005000
3058800000000
3058900003120
3059000000000
3059100003760
3059200000000
3059300000000
3059400000000
3059502505100
3059600008500
3059721900000
3059800007000
3059900000000
3060000000000
3060100000000
3060200000500
3060300000000
3060400000000
3060500000000
3060600000000
3060700000000
3060800000000
3060900003000
3061000000000
3061100000000
3061200000000
3061300000000
3061400000000
3061500000000
3061607500000
3061700000000
3061800000000
3061900007000
3062000000000
3062100000000
3062200000000
3062300000000
3062400000000
3062500004750
3062600000000
3062700000000
3062800003500
3062900002100
3063000000000
3063100004500
3063200004774
3063300001000
3063400007300
3063500005500
3063600005500
3063700000000
3063800000420
3063900000000
3064000001080
3064100000600
3064200003300
3064300000000
3064419100000
3064500007147
3064600000360
3064700002746
3064800000000
3064900000000
3065000000000
3065100000000
3065200000000
3065300000000
3065400000760
3065500000000
3065600000000
3065700000000
3065800000000
3065900000000
3066000000000
3066100001200
3066200000000
3066300005250
3066400000500
3066500000000
3066600000000
3066700003549
3066800000000
3066900000000
3067000000000
3067100000000
3067200000000
3067300000400
3067400000200
3067500000000
3067600000000
3067700000000
3067800000000
3067900005600
3068000000000
3068100000000
3068200000600
3068300000000
3068400000000
3068500002000
3068600000000
3068700000000
3068800000000
3068900000000
3069000000175
3069100000000
3069200000000
3069300000900
3069400003127
3069500000000
3069600000000
3069700001800
3069800000000
3069900000000
3070000000050
3070132900000
3070200001650
3070300000000
3070400000000
3070500000000
3070600001000
3070700000450
3070810000000
3070900000000
3071000000000
3071105000000
3071200000000
3071300002910
3071400000000
3071500000000
3071600000000
3071700000000
3071800006200
3071900000200
3072000000000
3072100000000
3072200000000
3072300000450
3072400000480
3072500000000
3072600000000
3072700004800
3072800000000
3072900001564
3073000000000
3073120005000
3073205300000
3073300001300
3073400000000
3073500000000
3073600002000
3073700000000
3073805000000
3073900000000
3074000000000
3074100000000
3074200000000
3074300000000
3074402500000
3074500000000
3074600004776
3074700000400
3074800000000
3074900002100
3075000000000
3075100000000
3075200000000
3075300000000
3075400003120
3075500000000
3075600000000
3075700000000
3075800000000
3075900001636
3076000000000
3076100008500
3076200002500
3076300000000
3076400000000
3076500000000
3076600000000
3076700000000
3076800000000
3076900000000
3077000000000
3077100001930
3077200000000
3077300003500
3077400000000
3077500000160
3077600000000
3077700000000
3077800005200
3077900007000
3078000000000
3078100000000
3078200001300
3078300000000
3078400000000
3078500005000
3078600004860
3078700000000
3078819500000
3078900000000
3079000000000
3079100000000
3079200005000
3079300000000
3079400002400
3079500000000
3079600001024
3079700000000
3079800000000
3079900000000
3080000000000
3080100000000
3080200000000
3080300000000
3080400000000
3080500000000
3080600002000
3080700000000
3080800003200
3080900001000
3081000000000
3081100000000
3081200002500
3081300000000
3081400000000
3081500003600
3081600002900
3081700003500
3081800000000
3081900000000
3082000000000
3082100000000
3082200006750
3082300000000
3082402500000
3082500000000
3082600000000
3082700000000
3082800004600
3082900000000
3083000001235
3083100000000
3083200006200
3083300000000
3083400002400
3083500001792
3083600000000
3083700000000
3083800000000
3083900000000
3084000000650
3084100002400
3084200000000
3084300005300
3084400000000
3084500000560
3084635000600
3084700000000
3084800000000
3084900000000
3085000000000
3085100000000
3085200000000
3085300000000
3085407500000
3085500005450
3085600000000
3085700000000
3085800000000
3085900000475
3086000000000
3086100000550
3086200001300
3086300000000
3086400004380
3086500000000
3086600000000
3086700000350
3086817000000
3086900006360
3087000000000
3087100000000
3087200000000
3087301200000
3087400000000
3087500003086
3087600003550
3087700000000
3087800001445
3087900002464
3088000000000
3088100000000
3088200000000
3088300000000
3088400001125
3088500006000
3088600000000
3088700000000
3088800000200
3088900000000
3089000004200
3089100003400
3089200001350
3089300000000
3089410100000
3089500000000
3089600000000
3089705000000
3089800000000
3089900000000
3090000000000
3090100000000
3090200000000
3090300000000
3090400000000
3090500000250
3090600005928
3090700000000
3090800000300
3090900000000
3091000000000
3091100000000
3091200000000
3091300005600
3091400000200
3091500004800
3091600000000
3091700000840
3091800000000
3091900000000
3092000000000
3092100002500
3092200000000
3092300000000
3092400000000
3092500000000
3092600000000
3092700000000
3092800000000
3092900000000
3093000000200
3093100000000
3093200000000
3093300000000
3093400000000
3093500000900
3093600000000
3093700000500
3093800001400
3093900000000
3094000000000
3094100000000
3094200000000
3094331200000
3094402000000
3094500004100
3094610000000
3094710000000
3094820000000
3094920000000
3095010000000
3095115000000
3095200000000
3095305000000
3095400000000
3095500000000
3095600000000
3095700000000
3095800000000
3095900000000
3096000000000
3096100001200
3096200000000
3096300001400
3096400000000
3096500000000
3096600000000
3096700000000
3096800000000
3096900000000
3097000002960
3097100000000
3097200007044
3097300000000
3097400000000
3097500000000
3097626106500
3097700000000
3097800004200
3097900001024
3098000000000
3098110000000
3098200000000
3098300000400
3098400000000
3098500000000
3098600000000
3098700000000
3098800003500
3098900000000
3099000005700
3099100000000
3099200000000
3099300000000
3099400000013
3099500003800
3099600000000
3099700000000
3099800002000
3099915000000
3100000001500
3100100000000
3100200005000
3100300000000
3100400000000
3100500000000
3100600000000
3100700000000
3100805000000
3100900000000
3101000000000
3101100000000
3101200000400
3101300000000
3101400005200
3101500000000
3101600000000
3101700004000
3101800000000
3101900000000
3102000000000
3102100001547
3102200001300
3102300003300
3102400000000
3102500000000
3102600000000
3102700002500
3102872800000
3102900000000
3103000000000
3103100000000
3103200000000
3103300000000
3103400000000
3103500000000
3103600004500
3103700000000
3103800000000
3103900000000
3104000000000
3104100000000
3104206000000
3104300000000
3104400002300
3104500003000
3104600000000
3104700001680
3104805000000
3104900000000
3105000000000
3105100000000
3105200000000
3105300000000
3105400000000
3105500000215
3105600000000
3105712000000
3105800006500
3105900000000
3106000000000
3106100000000
3106200002500
3106300000000
3106400000000
3106500000000
3106600001004
3106700000900
3106800001900
3106900000000
3107000000000
3107100000000
3107200004500
3107300000000
3107400000000
3107500000000
3107600000000
3107700000000
3107800000200
3107910000000
3108000000000
3108100000000
3108200000000
3108300002600
3108400000000
3108505000000
3108600000000
3108700000000
3108800000000
3108900000000
3109000000000
3109100000000
3109200000800
3109300000000
3109400001000
3109500004200
3109600000000
3109700000000
3109800002500
3109900000000
3110000000000
3110100000000
3110200000000
3110300000000
3110400000000
3110518000000
3110600002246
3110700000000
3110800000000
3110900000000
3111000000000
3111110000000
3111200000000
3111300000000
3111400000000
3111503300500
3111600000000
3111700000000
3111800000000
3111900000000
3112000000200
3112125000000
3112200009000
3112300000000
3112400000000
3112500000000
3112600003300
3112707500500
3112800000000
3112900000450
3113000000300
3113100000267
3113200000000
3113306500000
3113400001039
3113500000000
3113600000000
3113703700000
3113807500000
3113900000000
3114000000000
3114100000000
3114200000790
3114300000000
3114400000000
3114500000000
3114600000000
3114700000000
3114800000000
3114900000000
3115000008600
3115100000350
3115200007900
3115300000000
3115400000000
3115500000000
3115600000000
3115700000000
3115800000000
3115900000000
3116000000034
3116100000000
3116200001556
3116300000000
3116400000000
3116500000120
3116600003500
3116707500000
3116820000000
3116900004500
3117000006136
3117100003900
3117200001430
3117300003000
3117400000000
3117500003060
3117600000000
3117700000000
3117800000000
3117900000000
3118000000000
3118100000000
3118200000000
3118300000000
3118400000000
3118500000000
3118600000000
3118700000000
3118800000000
3118900001680
3119000000000
3119110000000
3119215000000
3119300006500
3119400001200
3119500003200
3119600000000
3119700000000
3119800003300
3119900000000
3120000000000
3120100000000
3120200000000
3120300000000
3120400000000
3120500000000
3120600004000
3120700000000
3120800000000
3120900000000
3121000000000
3121100000000
3121200000000
3121300000000
3121400000000
3121500000000
3121699900000
3121700000000
3121800000000
3121900000000
3122000000000
3122100001425
3122200000000
3122300000000
3122400000000
3122500000000
3122610600000
3122700000000
3122800005500
3122900000000
3123010000000
3123100004416
3123200000000
3123300000600
3123400002784
3123500000000
3123600000000
3123700000000
3123800000000
3123900000000
3124000000000
3124100000800
3124200000000
3124300000000
3124400000000
3124500000000
3124600000000
3124700000000
3124800000000
3124900001900
3125000000000
3125100000000
3125200000000
3125300000000
3125400001500
3125500002800
3125600008400
3125700000000
3125800001000
3125900007000
3126000003000
3126112500000
3126200000000
3126300000000
3126400000000
3126500000100
3126600000000
3126700000000
3126800002500
3126900000000
3127000001000
3127100004000
3127200000000
3127300000000
3127400000000
3127500004500
3127600000000
3127700006000
3127800003220
3127900000000
3128000000000
3128100007000
3128200002000
3128300006000
3128400000000
3128500005000
3128600000000
3128700000000
3128800000000
3128900002100
3129000001200
3129100000000
3129215003400
3129300003540
3129400000000
3129500000586
3129600003500
3129700004084
3129800004248
3129902500000
3130000000000
3130100000042
3130200002200
3130315000000
3130400000000
3130500000000
3130600000000
3130700000000
3130800000000
3130900000000
3131000003500
3131100004728
3131200003600
3131300000000
3131400001200
3131500000000
3131600000000
3131700000000
3131800000000
3131900000000
3132000000000
3132100000000
3132200006900
3132300000000
3132400000000
3132500000000
3132600000000
3132700008700
3132800000000
3132900000000
3133000000350
3133100000000
3133200000000
3133300000960
3133400000000
3133500000100
3133600000000
3133700000000
3133800000000
3133900000000
3134000000000
3134100000000
3134200000000
3134300000050
3134400000000
3134500000480
3134600004700
3134702500000
3134800000000
3134905000000
3135000000000
3135100000275
3135200000480
3135300004000
3135400000000
3135530005025
3135600000000
3135700000000
3135800000000
3135900002632
3136000000800
3136100000600
3136200000000
3136300000000
3136400004000
3136500000000
3136600000000
3136700000000
3136800000000
3136900000000
3137000000000
3137100000000
3137200000000
3137300000000
3137400003000
3137500000000
3137600000000
3137700001220
3137800008000
3137900000000
3138000000000
3138102501100
3138200000000
3138300000000
3138425000480
3138500000000
3138600000000
3138700000000
3138800001600
3138900003875
3139000000000
3139100000700
3139200000000
3139300000000
3139400000000
3139500000000
3139600000000
3139700000000
3139800000000
3139940006000
3140000000400
3140100000000
3140200000000
3140310000000
3140400000000
3140500000000
3140600000000
3140700001200
3140800000000
3140900000000
3141000000000
3141100000000
3141200000000
3141318002972
3141400002080
3141550000000
3141610000208
3141700006000
3141800004649
3141900001980
3142000000000
3142100000000
3142200000000
3142300000000
3142400003120
3142500000000
3142600000000
3142700001000
3142800006000
3142900000000
3143000000000
3143100000000
3143200004000
3143300000000
3143400002300
3143599900000
3143600000000
3143700000000
3143800005000
3143900000000
3144000000400
3144100000000
3144200000867
3144300000600
3144400001450
3144500000000
3144600000000
3144700000000
3144800000000
3144900000000
3145000000000
3145100000000
3145200000000
3145302000000
3145420000000
3145500000000
3145600001000
3145702000000
3145800000287
3145900000000
3146000000000
3146100000000
3146200000000
3146300007000
3146400000000
3146500000000
3146600000000
3146700000000
3146810001994
3146902500000
3147000000000
3147100000000
3147200000000
3147300000000
3147400000000
3147500000000
3147600000000
3147700000000
3147805000000
3147910000000
3148000000000
3148109600000
3148200014000
3148300000000
3148410000000
3148500000578
3148600000000
3148700000000
3148800000000
3148905000000
3149000000000
3149100000000
3149200003600
3149300000000
3149400000000
3149500000000
3149600000000
3149700000000
3149800000000
3149900000000
3150000006000
3150100000601
3150200000000
3150300000140
3150400006800
3150500000000
3150600000000
3150700000000
3150800000000
3150900000000
3151000000800
3151109100000
3151212500000
3151300002700
3151400003750
3151500000000
3151600000000
3151700000000
3151800000000
3151917400000
3152000000000
3152100000000
3152200000000
3152300000000
3152400000000
3152500003000
3152600000000
3152705000000
3152800000000
3152900005494
3153000005840
3153100000100
3153200000000
3153300000000
3153400000000
3153500003400
3153620000000
3153700000000
3153800000000
3153900000000
3154000005200
3154100000000
3154200000000
3154300000000
3154400000000
3154500000000
3154600000000
3154700000000
3154800000000
3154900000000
3155000005000
3155100000000
3155200003917
3155322200000
3155400000000
3155500000000
3155600000000
3155700000000
3155800000000
3155900000000
3156000002230
3156100000000
3156200000000
3156300007000
3156400000324
3156500000000
3156600000000
3156700000600
3156800002000
3156910000000
3157000000200
3157100002000
3157200000336
3157300000000
3157400000000
3157500000000
3157600000000
3157700000000
3157800000000
3157999900000
3158000005000
3158100001500
3158200003965
3158300002694
3158425001500
3158500003300
3158600005300
3158700000000
3158800002000
3158900000000
3159000000000
3159100000000
3159200000000
3159300000000
3159400000000
3159500000000
3159600000000
3159700000000
3159800004620
3159900000000
3160000000000
3160100000000
3160200003200
3160300000500
3160400000000
3160500000000
3160607200000
3160700000000
3160800000000
3160900005000
3161000007200
3161100002115
3161205000100
3161300002000
3161400000000
3161500000000
3161600000000
3161700001680
3161800000100
3161902506500
3162000000000
3162100003000
3162205000000
3162300000000
3162400000000
3162500000000
3162600000000
3162700005000
3162800000000
3162900003400
3163000000000
3163100000000
3163200000000
3163300001074
3163400000250
3163500004000
3163600000000
3163700000000
3163800000000
3163900000500
3164000000000
3164100000000
3164200000000
3164300000000
3164400000000
3164500000000
3164600000000
3164700000000
3164800000000
3164900000000
3165020600000
3165100000000
3165200000000
3165300000000
3165400000300
3165500000000
3165600000000
3165700000000
3165800000000
3165900000000
3166000000000
3166100000000
3166205000000
3166300000000
3166400000000
3166500000000
3166620000000
3166700000000
3166800004320
3166900000000
3167000000000
3167100002000
3167200000000
3167302500000
3167400000000
3167500000000
3167600000689
3167700001900
3167800004200
3167900003800
3168000000000
3168100000000
3168200000750
3168300005500
3168400000000
3168500000000
3168600004560
3168700000000
3168800000000
3168900004080
3169020000700
3169100000000
3169200000000
3169300000000
3169400000000
3169500000000
3169600000680
3169700000000
3169800000000
3169900000300
3170000000000
3170106000040
3170200000000
3170300007000
3170400006422
3170500001350
3170600000850
3170700000000
3170800000000
3170900004300
3171000000000
3171100000000
3171200000000
3171317000000
3171400000000
3171500000000
3171600000000
3171700000000
3171800000000
3171906000000
3172000001500
3172100004500
3172200001742
3172300000000
3172400004160
3172500000000
3172600000000
3172700000000
3172800002520
3172900000000
3173000005100
3173100000000
3173212500000
3173300000000
3173400000000
3173500000000
3173600003400
3173700000000
3173800001500
3173900000000
3174000000000
3174100000000
3174200000000
3174300000000
3174400000000
3174500007000
3174600000000
3174700000000
3174800000000
3174900000000
3175000000900
3175100000000
3175200000000
3175304000000
3175400000000
3175500000000
3175600003700
3175700000000
3175800000986
3175900000280
3176000000000
3176100004000
3176200002400
3176300005200
3176400006000
3176500000000
3176600000000
3176720000000
3176800000000
3176905002770
3177000003200
3177100000000
3177200000000
3177300000000
3177400000000
3177500000000
3177600000000
3177700000000
3177800000000
3177900000000
3178000000000
3178100000000
3178212502400
3178300000000
3178400000000
3178500000000
3178650000000
3178700000000
3178800000000
3178900000000
3179000000000
3179100000000
3179200001620
3179300004500
3179400001700
3179500000000
3179600000000
3179700000025
3179820002560
3179900000360
3180007502600
3180100003240
3180200000000
3180300003100
3180400000000
3180500004600
3180600000000
3180700000000
3180800000000
3180900000000
3181000000000
3181100000000
3181200003000
3181300000000
3181410000000
3181500000000
3181610000100
3181700000594
3181800000000
3181900000500
3182000000000
3182100003000
3182200000500
3182300000000
3182400000000
3182500002620
3182600002634
3182700003000
3182816500000
3182900002380
3183000000000
3183100000000
3183200000000
3183300000063
3183400000000
3183500002640
3183600001200
3183700000000
3183800000000
3183900001404
3184011000000
3184100004000
3184200000000
3184300000000
3184400000000
3184500000000
3184600000000
3184700000537
3184800000000
3184900000000
3185000001000
3185100000000
3185203705000
3185300000000
3185400000900
3185500006000
3185600000000
3185700000000
3185800000000
3185900010000
3186000000000
3186100000000
3186200000000
3186310000000
3186401000000
3186500000000
3186600007200
3186700000000
3186800004430
3186900000000
3187000000000
3187100000000
3187200001700
3187300000000
3187405000000
3187500000000
3187600000000
3187700000000
3187800000590
3187900003700
3188000000000
3188100000000
3188200000000
3188300000000
3188400000000
3188512000000
3188600000000
3188700000913
3188800002000
3188900000000
3189000000000
3189100000000
3189200000000
3189300005005
3189400000000
3189504800000
3189600000000
3189700001600
3189816000000
3189900001550
3190000000000
3190100000000
3190200000000
3190300000000
3190400000000
3190500001100
3190600000000
3190700000000
3190800002000
3190900000315
3191000000833
3191100000720
3191200000000
3191300000000
3191400000000
3191599900000
3191600000000
3191700000450
3191800003900
3191900001300
3192000000000
3192100000000
3192200000000
3192300000000
3192400000000
3192500000000
3192600003600
3192700000000
3192800000030
3192900000000
3193000000000
3193100007000
3193200005500
3193300000000
3193400000500
3193505500000
3193600000000
3193700000000
3193800004500
3193900002500
3194000000000
3194100005600
3194200000000
3194300003754
3194400000000
3194500001800
3194600000000
3194700000000
3194800000000
3194900000000
3195000000000
3195100000000
3195200000000
3195300000000
3195400000000
3195500000000
3195600000000
3195700001105
3195800000000
3195900000000
3196000000000
3196100000000
3196200000000
3196300000000
3196400000000
3196500005200
3196600001200
3196700000000
3196800000100
3196900005000
3197000001050
3197106004300
3197240000700
3197300000000
3197400001593
3197500000000
3197600000000
3197700003800
3197800000000
3197900000000
3198007500300
3198100001000
3198299900000
3198300000075
3198400000000
3198500000000
3198600000050
3198700000000
3198800000000
3198900000000
3199000000000
3199100000000
3199200000000
3199300000000
3199400000000
3199500000000
3199600000000
3199700000000
3199800000000
3199900000000
3200000001300
3200100000000
3200200000000
3200300000000
3200400000000
3200500002500
3200600001440
3200700000000
3200800000096
3200900000000
3201000000000
3201100000000
3201200000000
3201300000500
3201400000000
3201500000000
3201600002500
3201700000000
3201800000000
3201900000000
3202000006000
3202100000000
3202200000000
3202300000000
3202400000000
3202500000000
3202600000000
3202700000000
3202800002500
3202900000000
3203000000000
3203100000000
3203200000000
3203300003583
3203400000000
3203500000000
3203600000000
3203700004800
3203800000000
3203900000000
3204000000000
3204100000000
3204200000000
3204300000000
3204400000000
3204500000000
3204600000000
3204700000000
3204800000000
3204900000000
3205000004000
3205100000000
3205200000000
3205300000275
3205400002900
3205500001200
3205600000320
3205700000000
3205800000000
3205900003000
3206000000000
3206100000000
3206200000000
3206300000000
3206400001400
3206500003500
3206600000000
3206700000925
3206800000000
3206900004000
3207000002500
3207100001500
3207200000000
3207300000000
3207400000000
3207562400000
3207600000000
3207700000400
3207800000000
3207900000000
3208000000000
3208100000000
3208200000000
3208300000000
3208400000000
3208500000000
3208600000800
3208700000000
3208800005000
3208900000000
3209000003774
3209100000000
3209200000000
3209300000000
3209400000000
3209500001440
3209600002520
3209700000000
3209800000000
3209900000000
3210000000000
3210100000000
3210200000000
3210300004800
3210400003012
3210500000000
3210600000540
3210700000000
3210800000000
3210906000000
3211000003000
3211100000000
3211200000000
3211300006000
3211400000728
3211500000000
3211600000000
3211700000200
3211800000000
3211900000000
3212000000000
3212100000000
3212200000000
3212300000000
3212400000000
3212500006300
3212600003000
3212700000440
3212800002300
3212900002000
3213000004200
3213100001000
3213200000000
3213300002324
3213400000000
3213500000000
3213600000000
3213700003600
3213800006000
3213900000000
3214000000000
3214100000000
3214200004900
3214300000000
3214400000000
3214505000000
3214600000000
3214700000000
3214800000000
3214900000000
3215000000000
3215110000000
3215200000000
3215300000860
3215400007000
3215500000000
3215600000500
3215700000000
3215800000000
3215900000000
3216000000000
3216100000000
3216200000000
3216300000000
3216400000360
3216500004000
3216600000000
3216700000000
3216800000000
3216900000000
3217000000000
3217100000000
3217202500000
3217302500000
3217400000000
3217500000000
3217620002000
3217700000000
3217800000000
3217900000000
3218000007000
3218100001250
3218299900000
3218300000000
3218400004800
3218500002880
3218600000000
3218700000039
3218800000315
3218906000200
3219000005000
3219110000759
3219200000000
3219310005000
3219400000008
3219500000000
3219600000500
3219700004400
3219800000050
3219900002018
3220000006000
3220100003377
3220200000000
3220300001500
3220400000000
3220500005500
3220600001560
3220700000000
3220800000000
3220900000000
3221000000700
3221100000000
3221200000000
3221300000000
3221400000000
3221500004800
3221602500000
3221700000000
3221800004680
3221900003300
3222000002900
3222100000000
3222200000000
3222300000000
3222400000000
3222500009107
3222600004107
3222700000000
3222800000000
3222900000000
3223000002710
3223100000000
3223200000000
3223300000000
3223400003000
3223500005200
3223600000000
3223700000000
3223800000000
3223900000000
3224000000714
3224100000000
3224200000000
3224300004000
3224400006000
3224500000000
3224600005500
3224700000000
3224800000000
3224900000000
3225000000563
3225100000000
3225200000000
3225300000000
3225400000000
3225500001014
3225602500600
3225700000800
3225800001200
3225900000000
3226000000000
3226100000000
3226200000256
3226300002000
3226400000000
3226500008500
3226600000000
3226710000000
3226808500000
3226900001600
3227000000000
3227100000000
3227200000000
3227300003000
3227400000000
3227500000000
3227600000000
3227722000000
3227800000000
3227900001500
3228000000000
3228100002600
3228200000000
3228300002490
3228400000000
3228500001000
3228600000000
3228700000350
3228800008770
3228900005000
3229000000000
3229100000000
3229200000400
3229300000000
3229400000000
3229500000000
3229600000000
3229700005200
3229800000000
3229920003200
3230000000000
3230100003500
3230220000000
3230300000164
3230400000000
3230500005560
3230600000000
3230700000000
3230800000000
3230900000000
3231000000000
3231100000000
3231200002200
3231300000000
3231400001680
3231500003000
3231600000260
3231700000000
3231800000000
3231900000000
3232000000000
3232100002000
3232200000000
3232300000000
3232400001224
3232507500000
3232600000275
3232700001400
3232800000000
3232900006500
3233000003200
3233100000000
3233200002700
3233300000000
3233400002400
3233504000000
3233600003300
3233700004000
3233800002500
3233900000000
3234000000000
3234100000000
3234200001500
3234300000000
3234400005510
3234500002800
3234600000145
3234702501600
3234800000000
3234900000000
3235005000000
3235100000000
3235200000000
3235300000080
3235405000000
3235500000000
3235600009200
3235700000000
3235800000000
3235900003900
3236000000000
3236100000000
3236200000000
3236300000000
3236400002804
3236500000000
3236600003300
3236700000000
3236800000000
3236900000000
3237000000000
3237100009000
3237200000000
3237300003500
3237400000000
3237500000000
3237600000000
3237700000000
3237800000000
3237900000000
3238000000000
3238100000000
3238200000000
3238300000000
3238400000000
3238500000000
3238600000000
3238700000000
3238800000000
3238900000000
3239000000000
3239100000000
3239200000990
3239300003800
3239400000000
3239500000000
3239620000550
3239700000000
3239800000000
3239900000000
3240000000000
3240100000000
3240200004000
3240300000300
3240400000000
3240500000000
3240600000000
3240700000445
3240850000000
3240900000069
3241000000000
3241100000000
3241200003750
3241300000000
3241400000000
3241500000000
3241600002000
3241707500000
3241807500240
3241900000000
3242000001800
3242100000000
3242200000300
3242300000000
3242400000000
3242500001494
3242600000000
3242700000000
3242800000000
3242911002076
3243000000000
3243107500000
3243200003600
3243300000000
3243400000000
3243500000000
3243600000600
3243700000000
3243800001267
3243900000000
3244000000175
3244105000000
3244200000100
3244300000000
3244404000000
3244500001500
3244600000000
3244700000000
3244800000000
3244900000000
3245000005000
3245100000150
3245200000450
3245300000000
3245400002779
3245500000000
3245600000000
3245700000000
3245800002450
3245900009200
3246000000000
3246100000000
3246200000000
3246300000000
3246400003400
3246500000000
3246607501400
3246700000000
3246800000256
3246900000600
3247000000000
3247100000000
3247212001047
3247300001000
3247400000225
3247500000000
3247600000000
3247700001500
3247800000000
3247900000150
3248000003672
3248100000000
3248200001500
3248300002000
3248400000000
3248500000000
3248600000200
3248700000000
3248800007200
3248900000000
3249000000180
3249111900000
3249200002400
3249300000000
3249400000000
3249500000000
3249600000000
3249700003366
3249800000000
3249900000000
3250000004100
3250100002000
3250205000000
3250300003700
3250400000000
3250500006600
3250600000000
3250700000047
3250800004700
3250900000000
3251000000000
3251100000000
3251200003200
3251300006450
3251400000000
3251500000000
3251600000000
3251700000000
3251800001200
3251900000000
3252000000000
3252100000000
3252200000000
3252300000000
3252420002000
3252500000550
3252600000240
3252710000000
3252800000000
3252900003169
3253000000600
3253100003328
3253200000000
3253300000000
3253400000000
3253500002160
3253600000000
3253700000200
3253800004000
3253900000000
3254000005000
3254100000000
3254204000000
3254310000000
3254400001200
3254500000000
3254600000000
3254700008000
3254800000000
3254903000000
3255000000000
3255100001850
3255200000000
3255300000000
3255400002000
3255500000000
3255600000000
3255700004000
3255806002700
3255900002664
3256000000840
3256100003600
3256200000000
3256305000000
3256406500000
3256500000000
3256600000800
3256700000000
3256800000000
3256900000000
3257000000000
3257100000150
3257200000000
3257300000000
3257400000000
3257500000000
3257600001500
3257700000000
3257800000000
3257900005000
3258000006000
3258100003360
3258200000000
3258300000000
3258412900000
3258500000000
3258600002291
3258700000000
3258805000468
3258900004224
3259000000000
3259100000000
3259200000000
3259300005700
3259400000000
3259500003600
3259600000000
3259700000000
3259800003500
3259900002000
3260000000000
3260100000000
3260200005800
3260300000000
3260400000000
3260500000150
3260600000000
3260700000000
3260800000000
3260900001355
3261000007000
3261100001000
3261200000000
3261300000000
3261400002778
3261500000000
3261600000000
3261700000900
3261800000000
3261900000000
3262000000000
3262100000000
3262200000000
3262300000000
3262400000000
3262500000000
3262600000000
3262700007300
3262800000000
3262900000000
3263000000000
3263100000000
3263200000000
3263300000000
3263420000000
3263500000000
3263600000000
3263700000000
3263800000000
3263900005000
3264000000000
3264100003000
3264200000000
3264300000000
3264400005500
3264500001500
3264600002400
3264700000000
3264800005500
3264956000000
3265000000000
3265100000000
3265200000000
3265300000000
3265400000000
3265512500000
3265600000000
3265710000000
3265800005800
3265900000000
3266000000000
3266100000000
3266200000000
3266300000000
3266400000000
3266500000100
3266600000117
3266700000000
3266800000000
3266999900000
3267000000000
3267100000546
3267200000000
3267300000200
3267400000000
3267500000000
3267636000000
3267700000000
3267800000000
3267900000000
3268001503100
3268100000000
3268200000000
3268300000900
3268400000000
3268500001600
3268600001500
3268700004000
3268805000000
3268900004210
3269000000000
3269100002140
3269200005040
3269300000000
3269400000000
3269500000000
3269600000000
3269700000000
3269800005460
3269900000000
3270000000000
3270100000020
3270200000000
3270300000000
3270400000000
3270500004500
3270600000000
3270700000200
3270800008200
3270900000000
3271000000200
3271100004000
3271200004800
3271300003000
3271400005000
3271500000500
3271600000000
3271700000048
3271800000000
3271900002520
3272000000000
3272100001900
3272200000000
3272300000000
3272432600000
3272500000000
3272600001200
3272777800000
3272800000000
3272900000000
3273000002500
3273100000000
3273200000000
3273300003200
3273400004800
3273500003700
3273600000000
3273700000000
3273800000000
3273900000000
3274000000000
3274100005000
3274200000000
3274300000000
3274400002600
3274500000000
3274600000000
3274700000000
3274800000000
3274900000000
3275000003029
3275100000000
3275200000000
3275300007700
3275400000050
3275515000100
3275600000000
3275700000000
3275800004000
3275900000000
3276000002076
3276100000000
3276200000000
3276310000000
3276400002500
3276500000000
3276600002510
3276700000818
3276800000000
3276900001500
3277009005000
3277100000000
3277200006000
3277300004500
3277400002631
3277500000000
3277631200000
3277700000000
3277800015000
3277900000000
3278000000000
3278100000000
3278200004500
3278300005200
3278400000000
3278500000000
3278688900000
3278700000000
3278807500000
3278900000000
3279000000000
3279100000000
3279200000000
3279300000000
3279400000000
3279500000000
3279600002980
3279700002573
3279800000000
3279900000000
3280000000000
3280100000000
3280200001200
3280300004500
3280400000550
3280500000000
3280600001110
3280700000000
3280800004300
3280900000400
3281000000000
3281100000000
3281200000000
3281300003000
3281400000000
3281500000500
3281600000000
3281700000000
3281800004000
3281900008000
3282000000000
3282100000000
3282200000000
3282300000000
3282400003200
3282500000000
3282600000000
3282700000000
3282800002400
3282900000000
3283000009000
3283100000000
3283232000000
3283300000000
3283400000000
3283500000000
3283600001500
3283700000000
3283800000000
3283900000000
3284000000200
3284100000000
3284200000000
3284300000000
3284400000000
3284505000000
3284600000000
3284700000500
3284807500300
3284900000000
3285000000000
3285100000000
3285200001000
3285300002600
3285400000000
3285525000000
3285620400221
3285700000000
3285800000000
3285900000000
3286000000600
3286100000000
3286200000500
3286300002000
3286400002560
3286500000000
3286600000500
3286700000000
3286800001665
3286900000620
3287000003120
3287100001720
3287200000000
3287300000000
3287400000000
3287506000000
3287600000000
3287700000000
3287800000000
3287900000000
3288000000000
3288100003000
3288200004000
3288300006000
3288400001670
3288500004590
3288600000000
3288700000000
3288800000000
3288900000000
3289007500000
3289100002950
3289200000350
3289300000000
3289410000000
3289500000000
3289600001680
3289722000000
3289800007500
3289974300500
3290000000000
3290100000000
3290200006500
3290300000000
3290400000008
3290500005000
3290600000000
3290707500000
3290800000000
3290900001166
3291000000000
3291100000000
3291200000000
3291300000000
3291400000000
3291500000000
3291600000000
3291700004200
3291800000000
3291900000000
3292000002668
3292100000000
3292200000000
3292300000500
3292400000000
3292500000000
3292600000000
3292700004600
3292800000000
3292900003500
3293002500000
3500100000000
3500200000000
3500300000000
3500400000000
3500500000000
3500600000000
3500700003120
3500857200000
3500928800000
3501008000000
3501141300000
3501200000000
3501300000000
3501400000000
3501507000000
3501636000000
3501700000000
3501800000300
3501918000000
3502000000000
3502100000000
3502200000000
3502300000000
3502400000450
3502500003000
3502615000000
3502700003900
3502809600000
3502900000395
3503000000150
3503102000000
3503200000000
3503300000000
3503499900000
3503546400000
3503631200000
3503757600000
3503810000000
3503900000000
3504000000000
3504100000000
3504246800000
3504312000000
3504400000000
3504528800000
3504638400000
3504700000000
3504800000000
3504913000000
3505000000000
3505100000000
3505210801000
3505300000000
3505400000700
3505503200000
3505640000000
3505705000000
3505800000000
3505900000000
3506000004650
3506100000000
3506200000000
3506300000000
3506400000400
3506500000000
3506600000000
3506700000000
3506800000000
3506900000000
3507014400000
3507100001400
3507200001900
3507328800000
3507400000000
3507500000000
3507607500000
3507700003300
3507852500000
3507955000000
3508000000000
3508128800000
3508200000000
3508300003000
3508400002400
3508500008800
3508600000000
3508700000000
3508800000118
3508900000000
3509000000000
3509100000000
3509200002250
3509300000000
3509400000000
3509500000000
3509600000000
3509700000000
3509800000000
3509910000080
3510000000040
3510100002250
3510200000000
3510300003200
3510400000000
3510500000000
3510600000000
3510700000000
3510800000000
3510950000000
3511000000000
3511112500000
3511200000000
3511300000000
3511410000000
3511552000000
3511606000000
3511700006200
3511800000000
3511900000000
3512000000720
3512100000000
3512200000000
3512300004056
3512400000000
3512500000000
3512600000000
3512700000510
3512810000000
3512900000000
3513000002800
3513124000000
3513200000000
3513300000000
3513400000000
3513500000000
3513600000672
3513700000200
3513800000000
3513900000000
3514000002860
3514100000000
3514200600000
3514300000000
3514400000000
3514500000000
3514605000200
3514700000000
3514800000000
3514900000660
3515000000000
3515100000000
3515247900000
3515300000000
3515433800000
3515500003000
3515600000000
3515700000000
3515800000000
3515900000200
3516000000780
3516100000056
3516200000000
3516300000000
3516400001720
3516500000000
3516600002600
3516700000150
3516800000150
3516900000000
3517020500779
3517100003542
3517217200000
3517311600000
3517450500000
3517530000000
3517600000000
3517700000650
3517800002200
3517900001080
3518000000360
3518100000000
3518200000000
3518300000000
3518400000000
3518500000000
3518600000000
3518700000000
3518800000350
3518900000000
3519000000000
3519100000000
3519200000000
3519300000000
3519400000000
3519500000000
3519600003486
3519700000000
3519800000000
3519900000000
3520000000000
3520110000000
3520211300000
3520300000200
3520400000000
3520500000000
3520600000000
3520700000000
3520820000000
3520905000000
3521005000212
3521100001200
3521203700000
3521300000000
3521400000648
3521500000000
3521600002000
3521700000352
3521807500000
3521900000000
3522000000360
3522102500000
3522200000000
3522300000000
3522400000000
3522500000000
3522600000000
3522700000000
3522800001560
3522900000000
3523000000000
3523100000000
3523200000000
3523300000000
3523400000000
3523585800000
3523600000000
3523740007800
3523800000000
3523930000000
3524000000000
3524100000000
3524202000000
3524300000000
3524400000000
3524500000000
3524600000000
3524700000350
3524800000000
3524900000000
3525000000000
3525100000000
3525252000000
3525300009500
3525450000000
3525500000300
3525600000000
3525700000000
3525800000600
3525900000548
3526000000000
3526100000400
3526200000000
3526300000000
3526410000000
3526500000000
3526600000000
3526700000000
3526805000000
3526900000000
3527000000000
3527100000000
3527200000510
3527300000000
3527400002080
3527500001300
3527600000220
3527700000000
3527800000000
3527900000000
3528000002500
3528100000000
3528230001200
3528300002600
3528400000000
3528500000000
3528600000210
3528768400000
3528800000102
3528900000000
3529028000000
3529110000000
3529256000060
3529300000540
3529400000325
3529518900150
3529600000000
3529700000000
3529805000000
3529978000000
3530000000000
3530100000000
3530200000000
3530300000000
3530400000000
3530500000000
3530696000000
3530707500000
3530800000000
3530900000000
3531000000000
3531100000000
3531200000000
3531317000000
3531400001050
3531500000000
3531600000000
3531700000000
3531800000000
3531900003000
3532007500000
3532100000000
3532200000000
3532300000900
3532400001996
3532500000000
3532600000000
3532712500450
3532831200000
3532900000000
3533000000000
3533100000000
3533200001000
3533300000400
3533400000000
3533500000000
3533600000000
3533700000000
3533800000000
3533900000000
3534000000000
3534115000000
3534200000000
3534300000000
3534400000516
3534500000000
3534600001800
3534700000000
3534800000000
3534900000650
3535000000000
3535100001713
3535210000860
3535300001000
3535400000400
3535500000000
3535600000000
3535700000033
3535800001750
3535900000000
3536000000300
3536100000000
3536200000000
3536300000870
3536400000000
3536500002000
3536656000000
3536700000000
3536800000000
3536900001950
3537005000000
3537100000000
3537200000000
3537300000000
3537400000000
3537500002400
3537600000000
3537700000000
3537800000000
3537900000000
3538000000000
3538100000000
3538200000000
3538305000000
3538400000000
3538509000000
3538600000000
3538700000000
3538800000000
3538900000000
3539000000000
3539100000000
3539212000000
3539399900000
3539400000000
3539500000000
3539600000000
3539700000000
3539800000000
3539946700000
3540043500000
3540143500000
3540200000000
3540300002600
3540400000000
3540500000000
3540600000000
3540700000000
3540800000962
3540900000000
3541000000000
3541100000000
3541200000800
3541300002000
3541436000000
3541500000000
3541600003000
3541700000000
3541800000000
3541900000000
3542000000435
3542100000000
3542200000780
3542300002160
3542400000000
3542500002200
3542600000000
3542700000000
3542800000000
3542900000000
3543000000000
3543100000000
3543200000000
3543300000000
3543400000000
3543511005000
3543607500000
3543700000000
3543800000000
3543900000400
3544000000000
3544100000000
3544200000070
3544300000000
3544400000000
3544500000000
3544600000790
3544700000077
3544800000000
3544900000000
3545007000450
3545100000780
3545200000000
3545300000000
3545400000000
3545500001200
3545600000000
3545700000000
3545800000000
3545900000000
3546000000000
3546100000000
3546200000000
3546300001200
3546400000000
3546500000000
3546600000000
3546700000000
3546800000000
3546936400000
3547000000000
3547100000000
3547200000000
3547300000000
3547400000000
3547506200000
3547600000000
3547745000000
3547800000000
3547900000000
3548000004000
3548104000000
3548200000000
3548300000000
3548400000000
3548500000139
3548600000000
3548700000108
3548815000475
3548900000075
3549007500096
3549100000000
3549200000000
3549300000000
3549400000000
3549500001800
3549610000000
3549700000000
3549800000000
3549900000000
3550000000000
3550100000000
3550200000000
3550300002000
3550400000380
3550500000000
3550600000000
3550700000500
3550800000000
3550900000000
3551000000000
3551100000000
3551200000000
3551300003600
3551400003000
3551500000610
3551600000000
3551700000000
3551800000000
3551900000000
3552000000000
3552100000000
3552200000047
3552307500172
3552400001500
3552500000000
3552600000000
3552700000000
3552800000000
3552900000000
3553000000520
3553100004478
3553200000000
3553309000090
3553400000000
3553500000000
3553600000000
3553700000000
3553800000000
3553900000400
3554000000000
3554128000000
3554200000000
3554300000000
3554411000000
3554500004560
3554610000000
3554700000000
3554800003150
3554900000843
3555020400000
3555122000450
3555200000000
3555300001380
3555400000000
3555500000000
3555600002548
3555703600000
3555800000000
3555900000000
3556000000000
3556100000000
3556200000300
3556300000000
3556400001716
3556500000500
3556600000325
3556704000000
3556800000000
3556900000000
3557000000015
3557100000000
3557200000000
3557300000344
3557400000000
3557500000000
3557600000000
3557700000000
3557800000000
3557900000000
3558000000000
3558100000000
3558200000000
3558300002500
3558469300000
3558526400000
3558600000066
3558700000000
3558800000000
3558900000000
3559000000000
3559100000000
3559264900000
3559300000000
3559400000000
3559507200000
3559600000000
3559700000000
3559805000000
3559900000000
3560000000510
3560100000000
3560200000000
3560300000700
3560400000000
3560500000216
3560606400190
3560700000700
3560802500000
3560900000000
3561000000000
3561100000900
3561200000000
3561307500260
3561400000936
3561500000680
3561600000000
3561700000000
3561800000000
3561900000647
3562000000000
3562100000000
3562210000000
3562300000000
3562400000000
3562500002000
3562600000000
3562700000000
3562800000000
3562900000000
3563000000000
3563100000000
3563200000000
3563300000000
3563400000000
3563500000000
3563600000000
3563700000000
3563800003000
3563943300000
3564000000000
3564100000000
3564200000000
3564300000000
3564400000000
3564515600000
3564643200000
3564700000000
3564800000900
3564900001000
3565000000000
3565131600000
3565200000000
3565300001300
3565400000000
3565500000000
3565600002000
3565700000000
3565800000000
3565924300000
3566000001200
3566100000000
3566200000000
3566300000000
3566400000000
3566500000000
3566600000000
3566738600000
3566800000000
3566900000000
3567000000000
3567117800000
3567200000000
3567300000000
3567402500000
3567530000000
3567600000000
3567700000000
3567800000000
3567900001500
3568000000000
3568100002000
3568200000000
3568300000000
3568489500000
3568500002387
3568600003000
3568706000000
3568800002200
3568913500000
3569000001224
3569100001560
3569200000190
3569300000000
3569400000000
3569500000000
3569600000000
3569700000000
3569852000000
3569900000000
3570000000000
3570100000000
3570200000000
3570300000000
3570400000000
3570500001600
3570600000000
3570700000000
3570800000000
3570906500400
3571000000638
3571100000000
3571200000000
3571325002100
3571400000000
3571503502184
3571600000000
3571700000000
3571800000000
3571900000000
3572000000000
3572100000000
3572200000000
3572300000000
3572400000000
3572500000000
3572650200000
3572733600000
3572800000000
3572900005100
3573000000000
3573102500000
3573200000000
3573300000000
3573400000000
3573500000000
3573600002000
3573700000000
3573800000000
3573900000000
3574000000000
3574100000000
3574200000000
3574300000050
3574400000000
3574500000000
3574600000000
3574700000000
3574800002500
3574952500000
3575000004800
3575100003405
3575200000000
3575300000000
3575400000000
3575500000000
3575600000000
3575700000000
3575800000000
3575900000000
3576000000000
3576100000000
3576200000000
3576300000000
3576400000000
3576500000000
3576600000000
3576700000000
3576800000000
3576900000150
3577000000000
3577100000000
3577200000000
3577300000000
3577400000900
3577508000000
3577600000000
3577700000000
3577800000000
3577900000000
3578000000000
3578100000000
3578200002000
3578376800000
3578400000000
3578500000000
3578600000700
3578700000000
3578800000190
3578900000000
3579000000000
3579100000000
3579200000000
3579300000000
3579400000000
3579500000000
3579600000120
3579700000000
3579800000000
3579950000800
3580000000150
3580100000000
3580200000000
3580305000000
3580400000885
3580500000000
3580600005000
3580700000240
3580800000000
3580900001456
3581000000000
3581100006000
3581203600000
3581300000540
3581400000000
3581500000000
3581600000000
3581700000000
3581800000000
3581900000000
3582000000000
3582100000300
3582200000452
3582300000000
3582400000000
3582500000000
3582602500000
3582700000000
3582800000000
3582900000000
3583000001200
3583100002000
3583200000906
3583300000000
3583400000000
3583500000000
3583600000000
3583700000050
3583800000000
3583900000000
3584000003300
3584120005000
3584200000000
3584305000000
3584400000000
3584500000000
3584600000000
3584700000000
3584800000000
3584900001500
3585000000000
3585100000000
3585200000000
3585300000672
3585400001500
3585500000576
3585600000000
3585700000000
3585800000000
3585900000000
3586000000550
3586100000000
3586200000000
3586300001200
3586400000000
3586501000000
3586620000000
3586700000000
3586800000000
3586900000080
3587000000000
3587100000000
3587200000000
3587300000000
3587400000000
3587500000000
3587600000000
3587700000077
3587801000000
3587900000000
3588000007136
3588100003570
3588200000000
3588300000108
3588400000080
3588500000950
3588600000000
3588700001500
3588800000000
3588900000000
3589000000000
3589100000000
3589200000000
3589305000000
3589402500000
3589500000000
3589626400000
3589700000000
3589820000000
3589920000000
3590015000000
3590100000000
3590203500000
3590305000000
3590400000000
3590500000000
3590600000000
3590700001500
3590800000000
3590900000216
3591000001690
3591100000000
3591200001925
3591302500000
3591400000000
3591507500000
3591600002000
3591700000000
3591800000000
3591994800000
3592000000000
3592100000000
3592215000000
3592300003000
3592400000000
3592500000000
3592600000200
3592700000000
3592800000000
3592900001600
3593000001700
3593100000000
3593200002200
3593304100000
3593400000000
3593528600500
3593600000000
3593700000000
3593800000000
3593900000000
3594000000000
3594100000000
3594200000000
3594305000000
3594400000260
3594500000000
3594600000000
3594700000000
3594800000000
3594900000000
3595000004500
3595100000000
3595200000000
3595300000000
3595400000000
3595500000000
3595600000300
3595700000600
3595800000000
3595900000000
3596006000000
3596100000900
3596200000000
3596300000000
3596400000000
3596500001200
3596600001406
3596700000000
3596808000000
3596900000085
3597000000000
3597100000000
3597200000288
3597300001120
3597400000000
3597500000000
3597600000000
3597724000000
3597800000216
3597900000000
3598000000000
3598100000079
3598200000000
3598300002700
3598400000000
3598500000000
3598600000000
3598700000978
3598800000000
3598900000000
3599000000000
3599100000000
3599200000000
3599346200000
3599400000800
3599500000000
3599600000000
3599712000000
3599800002924
3599900000000
3600000000000
3600100002749
3600200000000
3600300000000
3600416700000
3600500000000
3600600003500
3600700000000
3600800000000
3600900000000
3601000000000
3601100000000
3601200000000
3601300000000
3601400000000
3601500000000
3601600003000
3601700001440
3601800000640
3601900000000
3602000000000
3602100000520
3602240800000
3602300000000
3602400000000
3602500000000
3602600000000
3602700005000
3602830000864
3602900000000
3603000000000
3603100000450
3603200001400
3603300001800
3603400000000
3603500000210
3603600001900
3603700000000
3603800000000
3603900000000
3604000000000
3604100000000
3604200000000
3604300000000
3604400000040
3604500000000
3604600000000
3604700000000
3604800000200
3604900000000
3605048000000
3605100000000
3605200000000
3605300000000
3605400000000
3605500000000
3605600000000
3605714400000
3605800000000
3605900000000
3606000000000
3606100000000
3606200000000
3606300000000
3606400001500
3606500000000
3606600001050
3606700000000
3606800000000
3606900000300
3607000000000
3607100000000
3607200001000
3607300000200
3607402500000
3607512505100
3607600002125
3607700000000
3607820000000
3607900000000
3608000002560
3608103000000
3608200000000
3608300000000
3608400003200
3608500000000
3608600000000
3608700000000
3608800000000
3608900000800
3609007700000
3609107500000
3609200000000
3609387600579
3609400007200
3609500000000
3609600000000
3609700000000
3609800000096
3609900001440
3610000000900
3610100000000
3610200000000
3610300000000
3610402500000
3610500001200
3610600000000
3610730000000
3610810000000
3610900000000
3611000001379
3611100001538
3611200000000
3611312000000
3611400000000
3611505000000
3611600000000
3611700000000
3611800000000
3611900000000
3612000002500
3612165200000
3612252000000
3612300000650
3612400000000
3612500000000
3612600002500
3612705000000
3612800000000
3612900000000
3613000000000
3613100000000
3613200000390
3613333600000
3613400000000
3613541600432
3613600000000
3613700000000
3613800000000
3613900000000
3614000000000
3614100000000
3614200000000
3614300000000
3614400000000
3614500000000
3614600000000
3614700000000
3614800001120
3614900000000
3615000000000
3615100000000
3615200000000
3615300000000
3615400000000
3615500000000
3615600000000
3615700000000
3615800000000
3615900000000
3616000000000
3616100001600
3616200000000
3616300000525
3616400000000
3616505500000
3616600000000
3616700000000
3616800000672
3616910000000
3617000000000
3617100000000
3617200000000
3617300000000
3617400000000
3617500000000
3617600000000
3617700000000
3617800000000
3617900000000
3618010000000
3618102500000
3618200000000
3618300000000
3618400000000
3618500000000
3618600001300
3618700002160
3618800002496
3618910000000
3619000000000
3619100000900
3619200000000
3619300000000
3619400000000
3619500000000
3619600000000
3619700000000
3619800001632
3619900000000
3620000000150
3620100000000
3620200000163
3620300000000
3620400000100
3620500000400
3620600002600
3620707500000
3620800000000
3620900000000
3621000000000
3621100003000
3621200000000
3621328300000
3621411000000
3621500000000
3621600000000
3621730200000
3621821800000
3621900000000
3622000000000
3622100000000
3622200000000
3622310000000
3622400005100
3622500002380
3622600000000
3622700002800
3622800000000
3622900000000
3623000000000
3623100000000
3623206000000
3623300001600
3623400002262
3623504000000
3623600000000
3623705500000
3623800000000
3623900000000
3624000000000
3624100000000
3624200001500
3624300000000
3624402500000
3624500000600
3624600007500
3624705000000
3624800000000
3624900000000
3625000000000
3625100002000
3625200002000
3625300000000
3625400000000
3625500000000
3625600000000
3625700000000
3625800000000
3625900000000
3626000000000
3626100000000
3626200003500
3626343900000
3626400000000
3626500000000
3626600000000
3626700000000
3626821600000
3626900000300
3627000000000
3627100000000
3627238400000
3627300000000
3627400000000
3627500000000
3627600000600
3627700000000
3627800000000
3627900000000
3628000000000
3628100001500
3628200000000
3628300000000
3628420000000
3628500001680
3628600001920
3628700003514
3628800000000
3628900000000
3629000000000
3629100002000
3629200000000
3629300000414
3629400000000
3629500000000
3629600000000
3629700000000
3629800000000
3629900001638
3630000001825
3630100000000
3630200000000
3630300000000
3630400000000
3630500000000
3630600000900
3630700000000
3630800000000
3630900002000
3631007200000
3631107500000
3631200000000
3631300002688
3631400000000
3631500000000
3631600000000
3631700000000
3631800000000
3631900000000
3632000003224
3632100000000
3632200000000
3632300000000
3632400000325
3632500000000
3632600003120
3632700002664
3632800000000
3632900000000
3633000000000
3633130000000
3633200001000
3633300004000
3633400000000
3633500000000
3633600000000
3633700000000
3633800000000
3633900000000
3634007500000
3634100000640
3634200000000
3634328600000
3634460000000
3634500000000
3634600000000
3634700000000
3634800000000
3634900000000
3635000002100
3635100000000
3635200000000
3635300000000
3635435000000
3635500000000
3635600000000
3635700000000
3635800001500
3635900000000
3636000000000
3636100006111
3636200000000
3636300000140
3636400000000
3636500000000
3636600000000
3636700000000
3636800000800
3636900005000
3637000000000
3637100000000
3637200000000
3637300000000
3637400000000
3637502000000
3637600000000
3637700000000
3637800002000
3637900000000
3638000000000
3638100000000
3638200000000
3638300001440
3638400000000
3638500000000
3638600000000
3638700000000
3638800000390
3638900000050
3639000000050
3639105002067
3639200001800
3639300002630
3639400000000
3639500001600
3639600002250
3639700001400
3639800000000
3639902500000
3640000000000
3640100000000
3640200000000
3640310400000
3640400000000
3640500000000
3640600000000
3640700000000
3640800001560
3640900000000
3641000000000
3641100000125
3641200000000
3641300000000
3641400000000
3641500000000
3641600000000
3641700000000
3641800000000
3641900000000
3642000000000
3642100000000
3642200004200
3642300000000
3642400000000
3642500000000
3642606000000
3642700000000
3642800002773
3642901700000
3643000000000
3643100000000
3643200002670
3643300001500
3643400000000
3643500000000
3643600001040
3643700000000
3643800001000
3643900000000
3644000003564
3644121200000
3644200000000
3644300000000
3644400000000
3644500000000
3644600000000
3644700000000
3644800000000
3644900000000
3645000000000
3645126000000
3645200000000
3645300000720
3645405000000
3645512500000
3645600001000
3645700000000
3645800000000
3645900000000
3646000000979
3646100000960
3646200000583
3646300000000
3646400000000
3646500000080
3646643500000
3646700004800
3646802500000
3646900000000
3647000000000
3647110400000
3647200000000
3647300000000
3647400001100
3647500000020
3647699900225
3647700000360
3647800000000
3647900000000
3648000000000
3648115000000
3648200000000
3648300000000
3648405500000
3648549000360
3648600000000
3648700000000
3648801000000
3648900000000
3649000000000
3649119200000
3649202800000
3649300000000
3649400000000
3649500000000
3649600001100
3649700000000
3649800000000
3649906000000
3650000000000
3650100000000
3650203700000
3650300000000
3650400000000
3650500000000
3650600000000
3650740300000
3650800000000
3650900002000
3651000000000
3651100000000
3651207500000
3651300003000
3651400000280
3651500000000
3651600000000
3651715600000
3651805001500
3651900000748
3652000000260
3652100000000
3652210000000
3652300000000
3652400003200
3652500000000
3652600000000
3652700000000
3652800000600
3652900000000
3653000000000
3653100000000
3653200000000
3653300000000
3653400000325
3653500000500
3653600000000
3653735000000
3653800000000
3653900000455
3654000000000
3654100001121
3654200000000
3654300000532
3654400000236
3654500000200
3654600000000
3654700000150
3654800000300
3654907000300
3655000000000
3655100003800
3655200000000
3655345600000
3655405000000
3655500000010
3655600000000
3655700000000
3655800000000
3655900000000
3656000000180
3656116400000
3656200000050
3656309000000
3656400000000
3656500000007
3656600000000
3656700000000
3656806000000
3656960000000
3657000000000
3657145800000
3657200000000
3657300000000
3657400000000
3657538400000
3657600001560
3657750400000
3657836000080
3657913200000
3658000000000
3658100000000
3658200000500
3658300000000
3658400000000
3658500000000
3658600003000
3658700000192
3658800000960
3658907000000
3659010501860
3659120000000
3659210000000
3659300000000
3659402001000
3659500000000
3659606000000
3659700000140
3659800000000
3659900000000
3660008800000
3660100000000
3660220000000
3660300000000
3660400000000
3660500000000
3660600000000
3660710000000
3660802500000
3660918000000
3661000000000
3661100000000
3661207500000
3661300000500
3661400000000
3661507500612
3661600000000
3661700000000
3661800000000
3661927800000
3662000001590
3662100000000
3662200003000
3662300000000
3662400000000
3662500000000
3662600001200
3662700001020
3662805000000
3662900000000
3663002500000
3663100002000
3663200000000
3663318000000
3663400000000
3663500002280
3663600000000
3663710000000
3663800000000
3663900000000
3664002400000
3664100007500
3664200000000
3664300000000
3664400000790
3664500000000
3664600000000
3664700000000
3664845100000
3664900000000
3665000000000
3665100000000
3665200000000
3665307000000
3665424000000
3665500000000
3665600000260
3665700001400
3665800000000
3665900000000
3666000000000
3666100000000
3666200001200
3666300000000
3666400000000
3666500000000
3666633600000
3666700000000
3666800000000
3666900001200
3667032800000
3667100000000
3667200000000
3667300000720
3667400001620
3667500000000
3667600000000
3667700000000
3667800000000
3667900000000
3668000000000
3668100000000
3668200000000
3668300000054
3668407500180
3668500000000
3668600000000
3668700000010
3668800000579
3668900000000
3669000000000
3669100000000
3669200000000
3669300000000
3669400000000
3669500000000
3669600000000
3669791700000
3669800000000
3669900000050
3670000000000
3670100000000
3670200003500
3670311400000
3670400000000
3670500000000
3670645500000
3670700000000
3670800000000
3670904300000
3671000000000
3671100000000
3671200001699
3671300000000
3671400000000
3671500000000
3671619500000
3671700000000
3671800000000
3671900000000
3672000000000
3672100000680
3672200000000
3672300000000
3672400001100
3672500000000
3672600000000
3672700000600
3672800000000
3672910000000
3673000002300
3673100000000
3673200001200
3673300000000
3673400001900
3673500000000
3673600000000
3673700000000
3673800000000
3673900000000
3674000000900
3674100000000
3674200000000
3674300000000
3674400000000
3674500000000
3674600000000
3674700000000
3674800000045
3674900000000
3675000000000
3675100000000
3675200000000
3675300001700
3675400000000
3675507500000
3675600000000
3675700000000
3675806000000
3675900000000
3676000000000
3676100001140
3676200000000
3676300000414
3676407500000
3676500000000
3676600000715
3676700001530
3676807500000
3676900000850
3677000000000
3677100000600
3677205500000
3677300003500
3677400000000
3677510000000
3677600000000
3677700000000
3677800000000
3677900000000
3678000000000
3678100000800
3678200000000
3678300000000
3678400000000
3678549000000
3678600000000
3678700001800
3678800000000
3678936000000
3679000000000
3679100000000
3679200000000
3679300000000
3679400000000
3679500000000
3679600002340
3679707500000
3679800000800
3679900000000
3680000000000
3680100000012
3680236000000
3680300000000
3680400000600
3680500006200
3680600000000
3680700000000
3680800000000
3680900000288
3681000008000
3681100000000
3681200000000
3681304000000
3681400000000
3681500000000
3681600000000
3681700000000
3681800000000
3681920000000
3682000000000
3682100000000
3682200000275
3682300000000
3682400000000
3682500002450
3682600002756
3682700005500
3682800000000
3682900000000
3683000000000
3683100000000
3683200000000
3683300000080
3683400000000
3683500000000
3683600000544
3683700000000
3683800000000
3683900000000
3684000000000
3684100002250
3684200000000
3684300000000
3684436000000
3684500000000
3684648000000
3684707500420
3684806000000
3684900000000
3685090000000
3685100000000
3685200000000
3685300000000
3685400000000
3685500000000
3685600000000
3685700003820
3685872000000
3685900000000
3686000000000
3686100000000
3686205000000
3686300000000
3686400000000
3686500000000
3686600000000
3686700000000
3686800000000
3686900000000
3687000000000
3687100000000
3687200000000
